135
72
78
127
61
221
75
226
113
229
152
167
9
81
172
251
144
131
91
225
239
234
5
1
206
250
205
46
182
220
111
17
40
181
132
10
43
104
70
88
20
224
137
11
133
159
218
255
162
57
71
158
23
138
204
54
130
124
116
14
96
139
136
216
148
117
12
30
26
194
51
184
155
22
208
193
199
32
142
235
244
55
236
120
195
209
252
129
28
115
100
63
102
53
83
165
211
76
212
74
35
161
174
231
21
122
95
0
108
44
254
67
27
200
178
121
227
247
215
77
170
151
60
45
109
233
149
173
135
92
106
85
169
114
213
214
39
107
65
84
126
219
94
97
41
119
79
7
238
171
34
24
19
140
246
48
49
82
188
241
150
228
89
13
112
18
192
52
147
110
25
118
210
207
143
243
197
123
232
146
237
245
189
185
154
153
128
50
223
3
98
249
217
105
156
141
69
33
248
157
56
68
175
38
16
160
101
37
134
230
73
62
4
8
2
196
198
191
242
93
201
86
177
87
15
168
186
222
183
58
164
103
203
29
64
166
59
31
66
253
179
163
180
36
202
99
145
187
47
90
6
80
190
240
125
176
42
