106
124
113
132
14
210
170
115
235
221
254
76
180
150
216
100
26
40
74
212
17
73
133
176
211
53
63
108
92
91
121
168
248
15
178
31
117
153
236
36
151
241
189
161
136
89
177
122
163
90
16
18
200
22
205
70
11
33
247
86
59
148
149
85
38
88
140
179
58
213
152
8
252
142
25
104
147
0
114
72
172
19
206
61
20
143
1
10
240
159
193
62
195
196
55
250
75
6
52
227
215
239
131
237
225
54
64
119
191
112
67
238
56
158
24
120
243
29
128
96
65
129
207
43
12
192
201
202
78
107
79
127
95
3
183
7
34
174
182
208
144
42
102
184
242
101
167
94
233
4
175
87
51
71
13
220
157
244
162
81
173
203
214
146
83
249
224
35
103
204
28
77
137
155
169
246
253
123
188
135
156
139
125
231
130
199
48
27
45
228
98
218
160
229
49
126
190
194
30
32
47
222
9
171
226
99
230
118
66
165
197
46
116
82
164
2
255
251
145
138
44
110
37
68
134
111
69
41
209
187
84
217
245
39
154
166
234
109
186
141
23
57
80
185
21
5
60
181
105
97
106
219
232
93
198
50
223
