87 110
110 87
251 100
100 251
190 188
188 190
232 153
153 232
88 97
97 88
137 58
58 137
219 189
189 219
4 245
245 4
244 243
243 244
65 19
19 65
216 39
39 216
242 142
142 242
178 205
205 178
46 60
60 46
222 166
166 222
252 129
129 252
40 121
121 40
236 84
84 236
155 254
254 155
102 105
105 102
130 156
156 130
37 146
146 37
12 209
209 12
0 213
213 0
42 185
185 42
23 173
173 23
64 111
111 64
45 55
55 45
128 226
226 128
13 104
104 13
44 74
74 44
149 246
246 149
69 73
73 69
132 249
249 132
41 8
8 41
183 147
147 183
171 48
48 171
247 194
194 247
86 179
179 86
181 161
161 181
193 109
109 193
200 25
25 200
94 139
139 94
125 119
119 125
177 11
11 177
169 238
238 169
27 107
107 27
96 43
43 96
18 135
135 18
24 80
80 24
32 225
225 32
63 186
186 63
92 158
158 92
253 99
99 253
165 217
217 165
202 167
167 202
6 75
75 6
34 141
141 34
199 7
7 199
28 17
17 28
248 163
163 248
159 77
77 159
145 10
10 145
85 116
116 85
93 101
101 93
187 218
218 187
72 175
175 72
239 234
234 239
198 184
184 198
220 140
140 220
20 68
68 20
90 67
67 90
5 114
114 5
36 201
201 36
233 57
57 233
138 235
235 138
207 195
195 207
174 117
117 174
66 240
240 66
228 38
38 228
26 151
151 26
21 214
214 21
16 241
241 16
143 164
164 143
81 59
59 81
62 182
182 62
108 82
82 108
208 52
52 208
120 176
176 120
229 50
50 229
14 168
168 14
221 150
150 221
196 113
113 196
157 192
192 157
255 144
144 255
250 54
54 250
172 115
115 172
126 112
112 126
223 98
98 223
2 3
3 2
83 31
31 83
180 35
35 180
53 71
71 53
1 203
203 1
89 33
33 89
76 191
191 76
154 134
134 154
204 70
70 204
211 79
79 211
215 160
160 215
124 106
106 124
9 15
15 9
131 231
231 131
230 197
197 230
78 95
95 78
51 118
118 51
91 148
148 91
103 47
47 103
123 136
136 123
237 122
122 237
56 224
224 56
152 61
61 152
206 227
227 206
170 29
29 170
210 127
127 210
133 49
49 133
30 162
162 30
212 22
22 212
