206
152
210
73
154
69
93
92
4
13
197
114
201
71
216
90
202
5
181
26
244
35
50
132
29
251
131
177
206
137
22
49
187
159
192
118
121
45
54
165
142
70
234
212
113
217
66
254
105
149
79
89
75
156
24
204
7
81
32
230
80
34
179
248
246
76
58
183
91
253
155
161
153
111
52
214
233
82
44
150
122
3
160
175
166
145
51
36
96
169
146
106
9
99
211
162
0
8
141
151
23
157
167
39
115
170
189
224
12
100
188
236
193
67
138
235
180
112
19
20
98
116
33
42
208
126
134
119
97
77
249
46
213
207
61
83
247
194
239
250
107
245
237
30
123
227
191
65
195
72
25
40
218
21
252
219
139
186
223
60
243
232
231
238
209
85
190
127
1
129
48
176
164
87
109
173
78
62
41
108
221
43
136
198
228
17
95
229
241
171
56
174
148
168
200
143
255
163
31
101
205
196
130
18
117
16
199
110
57
28
86
6
38
53
184
242
215
124
182
133
74
15
125
102
158
14
225
140
144
226
128
55
64
59
84
120
10
178
103
240
94
47
203
63
185
220
172
104
222
2
11
27
68
135
37
147
88
